-0.668627261376
-0.177738986164
1.52199505657
12.7320539104
23.2146506426
13.2139216046
34.1073795329
23.5343406116
8.71411166466
9.86001133688
4.9736080285
-46.4474304167
2.81812555885
-1.97977135653
12.5254646896
39.4511192325
15.0838270811
14.9505244032
15.8190628868
22.0260898623
17.9039070299
-0.850568372613
33.4069308544
24.1768379848
-168.848676553
-77.2557544604
-61.9909355483
-24.7693090643
-22.5822841035
-27.6761430411
-17.4394966594
-9.44286808471
-41.1479018495
-9.37919025792
-29.4591251604
-17.3374685294
-47.8993314094
-5.02788326687
-30.4254415415
-12.1931518763
-15.9913945578
-38.6493049751
-14.4757088784
-24.8587627146
-43.3684201095
-61.0399382056
-1.8964241705
-15.7831238255
-18.2731534297
-23.2927309334
-4.48547076756
32.2426466876
26.1266248326
3.04410475507
0.597396964475
0.785912175207
0.0736607357666
-106.435716549
